atom_max: 16, atom_no: 13
atom[0] 0x154e04440 e : 2.536900 -0.155000 -5.000000
atom[1] 0x154e04460 l : 2.536900 -0.155000 -4.000000
atom[2] 0x154e04480 o : 2.536900 -0.155000 -2.000000
atom[3] 0x154e044a0 l : 2.536900 -0.155000 4.000000
atom[4] 0x154e044c0   : 2.536900 -0.155000 0.000000
atom[5] 0x154e044e0 ! : 2.536900 -0.155000 6.000000
atom[6] 0x154e04500 o : 2.536900 -0.155000 2.000000
atom[7] 0x154e04520 w : 2.536900 -0.155000 1.000000
atom[8] 0x154e04540 H : 2.536900 -0.155000 -6.000000
atom[9] 0x154e04560 l : 2.536900 -0.155000 -3.000000
atom[10] 0x154e04580 d : 2.536900 -0.155000 5.000000
atom[11] 0x154e045a0 r : 2.536900 -0.155000 3.000000
atom[12] 0x154e045c0 , : 2.536900 -0.155000 -1.000000
atom_ptrs[0]: 0x154e04440  -> atom[0] 0x154e04440 e : 2.536900 -0.155000 -5.000000
atom_ptrs[1]: 0x154e04460  -> atom[1] 0x154e04460 l : 2.536900 -0.155000 -4.000000
atom_ptrs[2]: 0x154e04480  -> atom[2] 0x154e04480 o : 2.536900 -0.155000 -2.000000
atom_ptrs[3]: 0x154e044a0  -> atom[3] 0x154e044a0 l : 2.536900 -0.155000 4.000000
atom_ptrs[4]: 0x154e044c0  -> atom[4] 0x154e044c0   : 2.536900 -0.155000 0.000000
atom_ptrs[5]: 0x154e044e0  -> atom[5] 0x154e044e0 ! : 2.536900 -0.155000 6.000000
atom_ptrs[6]: 0x154e04500  -> atom[6] 0x154e04500 o : 2.536900 -0.155000 2.000000
atom_ptrs[7]: 0x154e04520  -> atom[7] 0x154e04520 w : 2.536900 -0.155000 1.000000
atom_ptrs[8]: 0x154e04540  -> atom[8] 0x154e04540 H : 2.536900 -0.155000 -6.000000
atom_ptrs[9]: 0x154e04560  -> atom[9] 0x154e04560 l : 2.536900 -0.155000 -3.000000
atom_ptrs[10]: 0x154e04580  -> atom[10] 0x154e04580 d : 2.536900 -0.155000 5.000000
atom_ptrs[11]: 0x154e045a0  -> atom[11] 0x154e045a0 r : 2.536900 -0.155000 3.000000
atom_ptrs[12]: 0x154e045c0  -> atom[12] 0x154e045c0 , : 2.536900 -0.155000 -1.000000
bond_max: 16, bond_no: 12
bond[0] 0x154e04640: 0x154e04480(o) 0x154e04560(l) 1
bond[1] 0x154e04658: 0x154e04520(w) 0x154e044c0( ) 1
bond[2] 0x154e04670: 0x154e04460(l) 0x154e04440(e) 1
bond[3] 0x154e04688: 0x154e04560(l) 0x154e04460(l) 1
bond[4] 0x154e046a0: 0x154e04440(e) 0x154e04540(H) 1
bond[5] 0x154e046b8: 0x154e044c0( ) 0x154e045c0(,) 1
bond[6] 0x154e046d0: 0x154e04500(o) 0x154e04520(w) 1
bond[7] 0x154e046e8: 0x154e04580(d) 0x154e044a0(l) 1
bond[8] 0x154e04700: 0x154e044a0(l) 0x154e045a0(r) 1
bond[9] 0x154e04718: 0x154e045a0(r) 0x154e04500(o) 1
bond[10] 0x154e04730: 0x154e045c0(,) 0x154e04480(o) 1
bond[11] 0x154e04748: 0x154e044e0(!) 0x154e04580(d) 1
bond_ptrs[0]: 0x154e04640  -> bond[0] 0x154e04640: 0x154e04480(o) 0x154e04560(l) 1
bond_ptrs[1]: 0x154e04658  -> bond[1] 0x154e04658: 0x154e04520(w) 0x154e044c0( ) 1
bond_ptrs[2]: 0x154e04670  -> bond[2] 0x154e04670: 0x154e04460(l) 0x154e04440(e) 1
bond_ptrs[3]: 0x154e04688  -> bond[3] 0x154e04688: 0x154e04560(l) 0x154e04460(l) 1
bond_ptrs[4]: 0x154e046a0  -> bond[4] 0x154e046a0: 0x154e04440(e) 0x154e04540(H) 1
bond_ptrs[5]: 0x154e046b8  -> bond[5] 0x154e046b8: 0x154e044c0( ) 0x154e045c0(,) 1
bond_ptrs[6]: 0x154e046d0  -> bond[6] 0x154e046d0: 0x154e04500(o) 0x154e04520(w) 1
bond_ptrs[7]: 0x154e046e8  -> bond[7] 0x154e046e8: 0x154e04580(d) 0x154e044a0(l) 1
bond_ptrs[8]: 0x154e04700  -> bond[8] 0x154e04700: 0x154e044a0(l) 0x154e045a0(r) 1
bond_ptrs[9]: 0x154e04718  -> bond[9] 0x154e04718: 0x154e045a0(r) 0x154e04500(o) 1
bond_ptrs[10]: 0x154e04730  -> bond[10] 0x154e04730: 0x154e045c0(,) 0x154e04480(o) 1
bond_ptrs[11]: 0x154e04748  -> bond[11] 0x154e04748: 0x154e044e0(!) 0x154e04580(d) 1

Sorting molecule

atom_max: 16, atom_no: 13
atom[0] 0x154e04440 e : 2.536900 -0.155000 -5.000000
atom[1] 0x154e04460 l : 2.536900 -0.155000 -4.000000
atom[2] 0x154e04480 o : 2.536900 -0.155000 -2.000000
atom[3] 0x154e044a0 l : 2.536900 -0.155000 4.000000
atom[4] 0x154e044c0   : 2.536900 -0.155000 0.000000
atom[5] 0x154e044e0 ! : 2.536900 -0.155000 6.000000
atom[6] 0x154e04500 o : 2.536900 -0.155000 2.000000
atom[7] 0x154e04520 w : 2.536900 -0.155000 1.000000
atom[8] 0x154e04540 H : 2.536900 -0.155000 -6.000000
atom[9] 0x154e04560 l : 2.536900 -0.155000 -3.000000
atom[10] 0x154e04580 d : 2.536900 -0.155000 5.000000
atom[11] 0x154e045a0 r : 2.536900 -0.155000 3.000000
atom[12] 0x154e045c0 , : 2.536900 -0.155000 -1.000000
atom_ptrs[0]: 0x154e04540  -> atom[8] 0x154e04540 H : 2.536900 -0.155000 -6.000000
atom_ptrs[1]: 0x154e04440  -> atom[0] 0x154e04440 e : 2.536900 -0.155000 -5.000000
atom_ptrs[2]: 0x154e04460  -> atom[1] 0x154e04460 l : 2.536900 -0.155000 -4.000000
atom_ptrs[3]: 0x154e04560  -> atom[9] 0x154e04560 l : 2.536900 -0.155000 -3.000000
atom_ptrs[4]: 0x154e04480  -> atom[2] 0x154e04480 o : 2.536900 -0.155000 -2.000000
atom_ptrs[5]: 0x154e045c0  -> atom[12] 0x154e045c0 , : 2.536900 -0.155000 -1.000000
atom_ptrs[6]: 0x154e044c0  -> atom[4] 0x154e044c0   : 2.536900 -0.155000 0.000000
atom_ptrs[7]: 0x154e04520  -> atom[7] 0x154e04520 w : 2.536900 -0.155000 1.000000
atom_ptrs[8]: 0x154e04500  -> atom[6] 0x154e04500 o : 2.536900 -0.155000 2.000000
atom_ptrs[9]: 0x154e045a0  -> atom[11] 0x154e045a0 r : 2.536900 -0.155000 3.000000
atom_ptrs[10]: 0x154e044a0  -> atom[3] 0x154e044a0 l : 2.536900 -0.155000 4.000000
atom_ptrs[11]: 0x154e04580  -> atom[10] 0x154e04580 d : 2.536900 -0.155000 5.000000
atom_ptrs[12]: 0x154e044e0  -> atom[5] 0x154e044e0 ! : 2.536900 -0.155000 6.000000
bond_max: 16, bond_no: 12
bond[0] 0x154e04640: 0x154e04480(o) 0x154e04560(l) 1
bond[1] 0x154e04658: 0x154e04520(w) 0x154e044c0( ) 1
bond[2] 0x154e04670: 0x154e04460(l) 0x154e04440(e) 1
bond[3] 0x154e04688: 0x154e04560(l) 0x154e04460(l) 1
bond[4] 0x154e046a0: 0x154e04440(e) 0x154e04540(H) 1
bond[5] 0x154e046b8: 0x154e044c0( ) 0x154e045c0(,) 1
bond[6] 0x154e046d0: 0x154e04500(o) 0x154e04520(w) 1
bond[7] 0x154e046e8: 0x154e04580(d) 0x154e044a0(l) 1
bond[8] 0x154e04700: 0x154e044a0(l) 0x154e045a0(r) 1
bond[9] 0x154e04718: 0x154e045a0(r) 0x154e04500(o) 1
bond[10] 0x154e04730: 0x154e045c0(,) 0x154e04480(o) 1
bond[11] 0x154e04748: 0x154e044e0(!) 0x154e04580(d) 1
bond_ptrs[0]: 0x154e046a0  -> bond[0] 0x154e046a0: 0x154e04440(e) 0x154e04540(H) 1
bond_ptrs[1]: 0x154e04670  -> bond[1] 0x154e04670: 0x154e04460(l) 0x154e04440(e) 1
bond_ptrs[2]: 0x154e04688  -> bond[2] 0x154e04688: 0x154e04560(l) 0x154e04460(l) 1
bond_ptrs[3]: 0x154e04640  -> bond[3] 0x154e04640: 0x154e04480(o) 0x154e04560(l) 1
bond_ptrs[4]: 0x154e04730  -> bond[4] 0x154e04730: 0x154e045c0(,) 0x154e04480(o) 1
bond_ptrs[5]: 0x154e046b8  -> bond[5] 0x154e046b8: 0x154e044c0( ) 0x154e045c0(,) 1
bond_ptrs[6]: 0x154e04658  -> bond[6] 0x154e04658: 0x154e04520(w) 0x154e044c0( ) 1
bond_ptrs[7]: 0x154e046d0  -> bond[7] 0x154e046d0: 0x154e04500(o) 0x154e04520(w) 1
bond_ptrs[8]: 0x154e04718  -> bond[8] 0x154e04718: 0x154e045a0(r) 0x154e04500(o) 1
bond_ptrs[9]: 0x154e04700  -> bond[9] 0x154e04700: 0x154e044a0(l) 0x154e045a0(r) 1
bond_ptrs[10]: 0x154e046e8  -> bond[10] 0x154e046e8: 0x154e04580(d) 0x154e044a0(l) 1
bond_ptrs[11]: 0x154e04748  -> bond[11] 0x154e04748: 0x154e044e0(!) 0x154e04580(d) 1
