atom_max: 4, atom_no: 4
atom[0] 0x600002740100 O : 0.000000 0.000000 0.000000
atom[1] 0x600002740120 X : 1.000000 0.000000 0.000000
atom[2] 0x600002740140 Y : 0.000000 0.866025 0.500000
atom[3] 0x600002740160 Z : 0.000000 -0.500000 0.866025
atom_ptrs[0]: 0x600002740100  -> atom[0] 0x600002740100 O : 0.000000 0.000000 0.000000
atom_ptrs[1]: 0x600002740120  -> atom[1] 0x600002740120 X : 1.000000 0.000000 0.000000
atom_ptrs[2]: 0x600002740140  -> atom[2] 0x600002740140 Y : 0.000000 0.866025 0.500000
atom_ptrs[3]: 0x600002740160  -> atom[3] 0x600002740160 Z : 0.000000 -0.500000 0.866025
bond_max: 3, bond_no: 3
bond[0] 0x600002a40dc0: 0x600002740080(O) 0x6000027400a0(X) 1
bond[1] 0x600002a40dd8: 0x600002740080(O) 0x6000027400c0(Y) 1
bond[2] 0x600002a40df0: 0x600002740080(O) 0x6000027400e0(Z) 1
bond_ptrs[0]: 0x600002a40dc0  -> bond[0] 0x600002a40dc0: 0x600002740080(O) 0x6000027400a0(X) 1
bond_ptrs[1]: 0x600002a40dd8  -> bond[1] 0x600002a40dd8: 0x600002740080(O) 0x6000027400c0(Y) 1
bond_ptrs[2]: 0x600002a40df0  -> bond[2] 0x600002a40df0: 0x600002740080(O) 0x6000027400e0(Z) 1
atom_max: 4, atom_no: 4
atom[0] 0x600002740180 O : 0.000000 0.000000 0.000000
atom[1] 0x6000027401a0 X : 0.707107 0.000000 -0.707107
atom[2] 0x6000027401c0 Y : 0.000000 1.000000 0.000000
atom[3] 0x6000027401e0 Z : 0.707107 0.000000 0.707107
atom_ptrs[0]: 0x600002740180  -> atom[0] 0x600002740180 O : 0.000000 0.000000 0.000000
atom_ptrs[1]: 0x6000027401a0  -> atom[1] 0x6000027401a0 X : 0.707107 0.000000 -0.707107
atom_ptrs[2]: 0x6000027401c0  -> atom[2] 0x6000027401c0 Y : 0.000000 1.000000 0.000000
atom_ptrs[3]: 0x6000027401e0  -> atom[3] 0x6000027401e0 Z : 0.707107 0.000000 0.707107
bond_max: 3, bond_no: 3
bond[0] 0x600002a40e10: 0x600002740080(O) 0x6000027400a0(X) 1
bond[1] 0x600002a40e28: 0x600002740080(O) 0x6000027400c0(Y) 1
bond[2] 0x600002a40e40: 0x600002740080(O) 0x6000027400e0(Z) 1
bond_ptrs[0]: 0x600002a40e10  -> bond[0] 0x600002a40e10: 0x600002740080(O) 0x6000027400a0(X) 1
bond_ptrs[1]: 0x600002a40e28  -> bond[1] 0x600002a40e28: 0x600002740080(O) 0x6000027400c0(Y) 1
bond_ptrs[2]: 0x600002a40e40  -> bond[2] 0x600002a40e40: 0x600002740080(O) 0x6000027400e0(Z) 1
atom_max: 4, atom_no: 4
atom[0] 0x600002740200 O : 0.000000 0.000000 0.000000
atom[1] 0x600002740220 X : 0.500000 0.866025 0.000000
atom[2] 0x600002740240 Y : -0.866025 0.500000 0.000000
atom[3] 0x600002740260 Z : 0.000000 0.000000 1.000000
atom_ptrs[0]: 0x600002740200  -> atom[0] 0x600002740200 O : 0.000000 0.000000 0.000000
atom_ptrs[1]: 0x600002740220  -> atom[1] 0x600002740220 X : 0.500000 0.866025 0.000000
atom_ptrs[2]: 0x600002740240  -> atom[2] 0x600002740240 Y : -0.866025 0.500000 0.000000
atom_ptrs[3]: 0x600002740260  -> atom[3] 0x600002740260 Z : 0.000000 0.000000 1.000000
bond_max: 3, bond_no: 3
bond[0] 0x600002a40e60: 0x600002740080(O) 0x6000027400a0(X) 1
bond[1] 0x600002a40e78: 0x600002740080(O) 0x6000027400c0(Y) 1
bond[2] 0x600002a40e90: 0x600002740080(O) 0x6000027400e0(Z) 1
bond_ptrs[0]: 0x600002a40e60  -> bond[0] 0x600002a40e60: 0x600002740080(O) 0x6000027400a0(X) 1
bond_ptrs[1]: 0x600002a40e78  -> bond[1] 0x600002a40e78: 0x600002740080(O) 0x6000027400c0(Y) 1
bond_ptrs[2]: 0x600002a40e90  -> bond[2] 0x600002a40e90: 0x600002740080(O) 0x6000027400e0(Z) 1
